///////////////////////////////////////////////////////////////
///////////////////////////////////////////// Ordenados: /////
/////////////////////////////////////////////////////////////

********************
************  "2 2": 
********************

(("TSMC_GTIEH" (1 1 2 1 2 0) (1 1 0 1 0 0)) )  nil)

(("TSMC_GTIEL" (1 0 1 1 0 0) (1 2 1 1 2 0)) )  nil)

********************
************  "4 3": 
********************

(("BUF" (1 1 1 0 2 1) (1 1 1 2 0 1) (1 2 2 2 2 0)) (("A" ((2 1 11) (1 0 0))) ("Y" ((2 1 11) (1 0 0)))) (("Y" (1 1 1 2 0) (1 1 1 2 0)) ("A" (1 1 1 0 2) (1 1 1 0 2))))

********************
************  "4 4": 
********************

(("NOR2" (2 1 1 0 2 1) (1 1 2 3 0 1) (1 2 0 2 0 0)) (("A" ((2 1 11) (1 1 11))) ("B" ((2 1 21) (1 1 1))) ("Y" ((1 2 12)))) nil)

(("NAND2" (1 0 2 2 0 0) (1 2 1 3 0 1) (2 1 1 0 2 1)) (("A" ((2 1 11) (1 1 11))) ("B" ((2 1 12) (1 1 10))) ("Y" ((1 2 21)))) nil)

********************
************  "6 5": 
********************

(("AND2" (2 1 1 0 2 1) (1 1 1 2 0 1) (1 3 2 3 2 0) (1 0 2 2 0 0)) (("A" ((2 2 22) (1 0 0))) ("B" ((2 2 23) (1 0 0))) ("Y" ((2 2 21) (1 0 0)))) nil)

(("OR2" (2 1 1 0 2 1) (1 1 1 2 0 1) (1 2 3 3 2 0) (1 2 0 2 0 0)) (("A" ((2 2 22) (1 0 0))) ("B" ((2 2 32) (1 0 0))) ("Y" ((2 2 12) (1 0 0)))) nil)

(("TSMC_NAND2_D2" (1 2 2 4 0 1) (2 1 2 0 3 1) (2 0 2 2 0 0)) (("$1" ((1 2 22))) ("$3" ((2 1 14) (1 1 10))) ("$4" ((2 1 12) (1 1 12))))  nil)

(("TSMC_NOR2_D2" (2 2 1 0 3 1) (1 2 2 4 0 1) (2 2 0 2 0 0)) (("$2" ((2 1 21) (1 1 21))) ("$4" ((1 2 22))) ("$5" ((2 1 41) (1 1 1))))  nil)

(("TSMC_INAND2" (2 1 1 0 2 1) (1 2 2 2 2 0) (1 2 1 3 0 1) (1 0 2 2 0 0)) (("$1" ((3 1 11) (2 0 0) (1 1 11))) ("$2" ((3 1 12) (2 1 10) (1 0 0))) ("$5" ((2 1 11) (1 1 11))))  nil)

(("TSMC_INOR2" (2 1 1 0 2 1) (1 1 2 3 0 1) (1 2 2 2 2 0) (1 2 0 2 0 0)) (("$1" ((3 1 11) (2 0 0) (1 1 11))) ("$2" ((3 1 21) (2 1 1) (1 0 0))) ("$3" ((2 1 11) (1 1 11))))  nil)

********************
************  "6 6": 
********************

(("OAI21" (3 1 1 0 2 1) (1 2 1 3 0 1) (1 0 3 3 0 0) (1 2 0 2 0 0)) (("A" ((2 2 23) (1 1 10))) ("B" ((2 3 23) (1 0 0))) ("C" ((2 2 12) (1 1 11))) ("Y" ((2 1 11) (1 2 21)))) nil)

(("AOI21" (3 1 1 0 2 1) (1 1 2 3 0 1) (1 3 0 3 0 0) (1 0 2 2 0 0)) (("A" ((2 2 32) (1 1 1))) ("B" ((2 3 32) (1 0 0))) ("C" ((2 2 21) (1 1 11))) ("Y" ((2 1 11) (1 2 12)))) nil)

(("NOR3" (3 1 1 0 2 1) (1 1 3 4 0 1) (2 2 0 2 0 0)) (("A" ((2 2 12) (1 1 11))) ("B" ((2 2 32) (1 1 1))) ("C" ((2 2 22) (1 1 1))) ("Y" ((2 0 0) (1 3 13)))) nil)

(("NAND3" (3 1 1 0 2 1) (2 0 2 2 0 0) (1 3 1 4 0 1)) (("C" ((2 2 22) (1 1 10))) ("A" ((2 2 21) (1 1 11))) ("B" ((2 2 23) (1 1 10))) ("Y" ((2 0 0) (1 3 31)))) nil)

********************
************  "8 6": 
********************

(("TSMC_NAND2_D3" (2 1 3 0 4 1) (1 2 3 5 0 1) (3 0 2 2 0 0)) (("$1" ((2 1 13) (1 1 13))) ("$2" ((2 1 16) (1 1 10))) ("$5" ((1 2 23))))  nil)

(("TSMC_NOR2_D3" (2 3 1 0 4 1) (1 3 2 5 0 1) (3 2 0 2 0 0)) (("$1" ((2 1 31) (1 1 31))) ("$3" ((2 1 61) (1 1 1))) ("$4" ((1 2 32))))  nil)

(("TSMC_OR2_D4" (1 1 1 2 0 1) (2 2 1 0 3 1) (1 3 3 4 2 0) (2 2 0 2 0 0)) (("$1" ((2 2 22) (1 0 0))) ("$2" ((2 2 52) (1 0 0))) ("$3" ((2 2 32) (1 0 0))))  nil)

(("TSMC_AND2_D4" (1 1 1 2 0 1) (2 1 2 0 3 1) (1 3 3 4 2 0) (2 0 2 2 0 0)) (("$1" ((2 2 22) (1 0 0))) ("$2" ((2 2 23) (1 0 0))) ("$4" ((2 2 25) (1 0 0))))  nil)

(("TSMC_INAND2_D2" (1 1 1 0 2 1) (1 1 2 0 3 1) (1 2 3 2 3 0) (1 2 2 4 0 1) (2 0 2 2 0 0)) (("$2" ((3 1 12) (2 1 12) (1 0 0))) ("$4" ((3 1 11) (2 0 0) (1 1 10))) ("$6" ((2 1 11) (1 1 10))))  nil)

(("TSMC_INOR2_D2" (1 2 2 4 0 1) (1 2 1 0 3 1) (1 1 1 0 2 1) (1 3 2 2 3 0) (2 2 0 2 0 0)) (("$1" ((2 1 11) (1 1 21))) ("$3" ((3 1 11) (2 0 0) (1 1 21))) ("$4" ((3 1 41) (2 1 1) (1 0 0))))  nil)

********************
************  "8 7": 
********************

(("AND3" (3 1 1 0 2 1) (1 1 1 2 0 1) (1 4 2 4 2 0) (2 0 2 2 0 0)) (("A" ((2 3 32) (1 0 0))) ("B" ((2 3 34) (1 0 0))) ("C" ((2 3 33) (1 0 0))) ("Y" ((3 0 0) (2 3 31) (1 0 0)))) nil)

(("OR3" (3 1 1 0 2 1) (1 1 1 2 0 1) (1 2 4 4 2 0) (2 2 0 2 0 0)) (("A" ((2 3 23) (1 0 0))) ("B" ((2 3 43) (1 0 0))) ("C" ((2 3 33) (1 0 0))) ("Y" ((3 0 0) (2 3 13) (1 0 0)))) nil)

(("TSMC_IAO21" (3 1 1 0 2 1) (1 1 2 3 0 1) (1 2 3 3 2 0) (2 2 0 2 0 0)) (("$1" ((3 2 12) (2 0 0) (1 1 11))) ("$2" ((3 1 21) (2 2 22) (1 0 0))) ("$3" ((3 1 21) (2 2 12) (1 0 0))) ("$4" ((2 2 12) (1 1 11))))  nil)

(("TSMC_INAND3" (1 3 1 4 0 1) (3 1 1 0 2 1) (1 2 2 2 2 0) (2 0 2 2 0 0)) (("$1" ((2 1 11) (1 2 21))) ("$2" ((3 1 11) (2 1 11) (1 1 11))) ("$3" ((3 1 11) (2 1 12) (1 1 10))) ("$4" ((3 2 22) (2 1 10) (1 0 0))))  nil)

(("TSMC_INOR3" (3 1 1 0 2 1) (1 1 3 4 0 1) (1 2 2 2 2 0) (2 2 0 2 0 0)) (("$1" ((3 1 11) (2 1 11) (1 1 11))) ("$2" ((3 1 11) (2 1 21) (1 1 1))) ("$3" ((3 2 22) (2 1 1) (1 0 0))) ("$5" ((2 1 11) (1 2 12))))  nil)

(("TSMC_IOA21" (3 1 1 0 2 1) (1 3 2 3 2 0) (1 2 1 3 0 1) (2 0 2 2 0 0)) (("$1" ((3 1 12) (2 2 21) (1 0 0))) ("$2" ((3 1 12) (2 2 22) (1 0 0))) ("$3" ((3 2 21) (2 0 0) (1 1 11))) ("$6" ((2 2 21) (1 1 11))))  nil)

********************
************  "8 8": 
********************

(("OAI22" (4 1 1 0 2 1) (1 2 2 4 0 1) (1 0 4 4 0 0) (2 2 0 2 0 0)) (("A" ((2 3 25) (1 1 10))) ("B" ((3 0 0) (2 4 25) (1 0 0))) ("C" ((2 3 24) (1 1 11))) ("D" ((2 3 34) (1 1 1))) ("Y" ((2 1 11) (1 3 22)))) nil)

(("AOI22" (4 1 1 0 2 1) (1 2 2 4 0 1) (1 4 0 4 0 0) (2 0 2 2 0 0)) (("A" ((2 3 43) (1 1 10))) ("B" ((2 3 52) (1 1 1))) ("C" ((2 3 42) (1 1 11))) ("D" ((3 0 0) (2 4 52) (1 0 0))) ("Y" ((2 1 11) (1 3 22)))) nil)

(("NAND4" (3 0 2 2 0 0) (4 1 1 0 2 1) (1 4 1 5 0 1)) (("D" ((2 3 32) (1 1 10))) ("C" ((2 3 33) (1 1 10))) ("A" ((3 0 0) (2 3 31) (1 1 11))) ("B" ((2 3 33) (1 1 10))) ("Y" ((2 0 0) (1 4 41)))) (("B" (3 4 4 5 8) (3 4 4 11 6)) ("C" (3 4 4 5 8) (3 3 4 6 6)) ("A" (2 4 1 5 2) (2 4 2 7 2)) ("D" (2 4 2 5 2) (2 1 2 2 2)) ("Y" (1 4 1 5 0) (1 4 1 5 0)))) 

********************
************  "9 8": 
********************

(("TSMC_NAND3_D2" (3 1 2 0 3 1) (1 3 2 5 0 1) (4 0 2 2 0 0)) (("$1" ((2 2 26) (1 1 10))) ("$2" ((2 2 22) (1 1 12))) ("$5" ((2 2 24) (1 1 10))) ("$6" ((2 0 0) (1 3 32))))  nil)

(("TSMC_NOR3_D2" (3 2 1 0 3 1) (1 2 3 5 0 1) (4 2 0 2 0 0)) (("$1" ((2 2 62) (1 1 1))) ("$2" ((2 2 22) (1 1 21))) ("$4" ((2 0 0) (1 3 23))) ("$6" ((2 2 42) (1 1 1))))  nil)


********************
************  "10 7": 
********************

(("TSMC_AND2_D8" (2 1 3 0 4 1) (1 3 4 5 2 0) (1 1 1 2 0 1) (3 0 2 2 0 0)) (("$2" ((2 2 24) (1 0 0))) ("$4" ((2 2 27) (1 0 0))) ("$5" ((2 2 23) (1 0 0))))  nil)

(("TSMC_NAND2_D4" (2 1 4 0 5 1) (1 2 4 6 0 1) (4 0 2 2 0 0)) (("$2" ((2 1 14) (1 1 14))) ("$4" ((2 1 18) (1 1 10))) ("$5" ((1 2 24))))  nil)

********************
************  "10 8": 
********************

(("TSMC_AO21_D4" (1 1 1 0 2 1) (1 3 4 5 2 0) (2 1 2 0 3 1) (1 1 1 2 0 1) (2 0 2 2 0 0) (1 3 0 3 0 0)) (("$2" ((2 3 53) (1 0 0))) ("$4" ((2 3 44) (1 0 0))) ("$5" ((2 3 46) (1 0 0))) ("$6" ((2 3 23) (1 0 0))))  nil)

(("TSMC_MAOI222" (1 0 3 3 0 0) (2 2 2 0 4 1) (1 1 1 0 2 1) (1 3 3 6 0 1) (1 3 0 3 0 0) (1 0 2 2 0 0) (1 2 0 2 0 0)) (("$2" ((2 2 44) (1 1 22))) ("$3" ((2 2 55) (1 1 11))) ("$4" ((3 0 0) (2 3 44) (1 0 0))) ("$5" ((2 1 11) (1 2 33))))  nil)

(("TSMC_IOA21_D2" (2 1 1 0 2 1) (1 1 2 0 3 1) (1 2 2 4 0 1) (1 3 3 3 3 0) (3 0 2 2 0 0)) (("$1" ((3 1 14) (2 2 21) (1 0 0))) ("$2" ((3 1 14) (2 2 22) (1 0 0))) ("$3" ((3 2 21) (2 0 0) (1 1 12))) ("$4" ((2 2 21) (1 1 12))))  nil)

(("TSMC_IAO21_D2" (1 2 2 4 0 1) (1 3 3 3 3 0) (1 2 1 0 3 1) (2 1 1 0 2 1) (3 2 0 2 0 0)) (("$1" ((2 2 12) (1 1 21))) ("$4" ((3 2 12) (2 0 0) (1 1 21))) ("$5" ((3 1 41) (2 2 22) (1 0 0))) ("$6" ((3 1 41) (2 2 12) (1 0 0))))  nil)

********************
************  "10 9": 
********************

(("AND4" (4 1 1 0 2 1) (1 1 1 2 0 1) (1 5 2 5 2 0) (3 0 2 2 0 0)) (("A" ((3 0 0) (2 4 42) (1 0 0))) ("B" ((2 4 44) (1 0 0))) ("C" ((2 4 44) (1 0 0))) ("D" ((2 4 43) (1 0 0))) ("Y" ((3 0 0) (2 4 41) (1 0 0)))) (("C" (3 5 5 7 10) (3 3 4 6 6)) ("B" (3 5 5 7 10) (3 5 5 11 8)) ("D" (2 5 3 5 4) (2 1 2 2 2)) ("A" (2 5 2 5 4) (2 5 3 7 4)) ("Y" (1 1 1 2 0) (1 1 1 2 0)))) 

(("TSMC_MAOI22" (4 1 1 0 2 1) (1 3 0 3 0 0) (1 2 2 4 0 1) (1 2 3 3 2 0) (1 0 2 2 0 0) (1 2 0 2 0 0)) (("$1" ((3 2 12) (2 1 22) (1 1 10))) ("$2" ((3 2 12) (2 1 21) (1 1 11))) ("$3" ((3 2 41) (2 2 22) (1 0 0))) ("$4" ((3 2 41) (2 2 12) (1 0 0))) ("$7" ((2 2 12) (1 2 21))))  nil)

(("TSMC_MOAI22" (1 0 3 3 0 0) (4 1 1 0 2 1) (1 3 2 3 2 0) (1 2 2 4 0 1) (1 0 2 2 0 0) (1 2 0 2 0 0)) (("$3" ((3 2 21) (2 1 22) (1 1 1))) ("$4" ((3 2 21) (2 1 12) (1 1 11))) ("$5" ((3 2 14) (2 2 22) (1 0 0))) ("$6" ((3 2 14) (2 2 21) (1 0 0))) ("$8" ((2 2 21) (1 2 12))))  nil)

(("TSMC_INOR4" (4 1 1 0 2 1) (1 2 2 2 2 0) (1 1 4 5 0 1) (3 2 0 2 0 0)) (("$1" ((3 1 11) (2 2 12) (1 1 11))) ("$2" ((3 1 11) (2 2 32) (1 1 1))) ("$3" ((3 1 11) (2 2 22) (1 1 1))) ("$5" ((3 3 23) (2 1 1) (1 0 0))) ("$7" ((2 1 11) (1 3 13))))  nil)

********************
************  "10 10": 
********************

(("NAND5_01" (5 1 1 0 2 1) (4 0 2 2 0 0) (1 5 1 6 0 1)) (("D" ((2 4 43) (1 1 10))) ("C" ((2 4 43) (1 1 10))) ("A" ((3 0 0) (2 4 41) (1 1 11))) ("B" ((3 0 0) (2 4 43) (1 1 10))) ("Y" ((2 0 0) (1 5 51))) ("E" ((3 0 0) (2 4 42) (1 1 10)))) (("B" (3 5 5 6 10) (3 5 4 12 6)) ("C" (3 5 5 6 10) (3 3 5 8 6)) ("D" (3 5 5 6 10) (3 3 4 6 6)) ("E" (2 5 2 6 2) (2 1 2 2 2)) ("A" (2 5 1 6 2) (2 5 2 8 2)) ("Y" (1 5 1 6 0) (1 5 1 6 0)))) 

(("TSMC_AOI221_D1" (5 1 1 0 2 1) (1 3 0 3 0 0) (1 4 0 4 0 0) (1 2 3 5 0 1) (2 0 2 2 0 0)) (("$1" ((2 4 43) (1 1 11))) ("$2" ((2 4 44) (1 1 10))) ("$3" ((2 4 73) (1 1 1))) ("$4" ((2 4 42) (1 1 1))) ("$7" ((3 0 0) (2 5 72) (1 0 0))) ("$8" ((2 1 11) (1 4 23))))  nil)

(("TSMC_AOI32" (1 3 2 5 0 1) (5 1 1 0 2 1) (1 5 0 5 0 0) (3 0 2 2 0 0)) (("$1" ((2 1 11) (1 4 32))) ("$2" ((3 0 0) (2 5 72) (1 0 0))) ("$3" ((3 0 0) (2 4 72) (1 1 1))) ("$4" ((2 4 62) (1 1 11))) ("$5" ((2 4 64) (1 1 10))) ("$6" ((2 4 63) (1 1 10))))  nil)

(("TSMC_OAI221_X1" (1 0 3 3 0 0) (1 0 4 4 0 0) (5 1 1 0 2 1) (1 3 2 5 0 1) (2 2 0 2 0 0)) (("$3" ((3 0 0) (2 5 27) (1 0 0))) ("$4" ((2 4 34) (1 1 11))) ("$5" ((2 4 44) (1 1 1))) ("$6" ((2 4 37) (1 1 10))) ("$7" ((2 4 24) (1 1 10))) ("$9" ((2 1 11) (1 4 32))))  nil)

(("TSMC_OAI32_X1" (1 0 5 5 0 0) (5 1 1 0 2 1) (1 2 3 5 0 1) (3 2 0 2 0 0)) (("$2" ((3 0 0) (2 5 27) (1 0 0))) ("$3" ((3 0 0) (2 4 27) (1 1 10))) ("$4" ((2 4 26) (1 1 11))) ("$5" ((2 4 46) (1 1 1))) ("$6" ((2 4 36) (1 1 1))) ("$9" ((2 1 11) (1 4 23))))  nil)

********************
************  "11 9": 
********************

(("TSMC_AND3_D4" (1 4 3 5 2 0) (3 1 2 0 3 1) (1 1 1 2 0 1) (4 0 2 2 0 0)) (("$3" ((2 3 37) (1 0 0))) ("$4" ((2 3 33) (1 0 0))) ("$5" ((3 0 0) (2 3 32) (1 0 0))) ("$7" ((2 3 35) (1 0 0))))  nil)

(("TSMC_OR3_D4" (3 2 1 0 3 1) (1 3 4 5 2 0) (1 1 1 2 0 1) (4 2 0 2 0 0)) (("$2" ((2 3 53) (1 0 0))) ("$4" ((2 3 73) (1 0 0))) ("$5" ((2 3 33) (1 0 0))) ("$6" ((3 0 0) (2 3 23) (1 0 0))))  nil)

(("TSMC_INOR3_D1" (1 1 1 0 2 1) (2 2 1 0 3 1) (1 3 2 2 3 0) (1 2 3 5 0 1) (4 2 0 2 0 0)) (("$1" ((3 2 42) (2 1 1) (1 0 0))) ("$2" ((3 1 11) (2 1 21) (1 1 21))) ("$3" ((3 1 11) (2 1 41) (1 1 1))) ("$6" ((2 1 11) (1 2 22))))  nil)

********************
************  "12 7": 
********************

(("TSMC_XNOR2" (1 1 1 0 2 1) (1 2 2 0 4 1) (1 2 2 4 0 1) (1 1 1 2 0 1) (2 3 3 4 2 0) (1 2 2 2 2 0)) (("$1" ((3 1 11) (2 2 12) (1 0 0))) ("$2" ((2 2 22) (1 1 10))) ("$3" ((2 2 22) (1 1 10))) ("$4" ((3 1 11) (2 2 22) (1 0 0)))) ("$1" (1 1 1 0 2) (1 1 1 0 2)) ("$2" (1 2 2 0 4) (1 2 2 0 4)) ("$3" (1 2 2 4 0) (1 2 2 4 0)) ("$4" (1 1 1 2 0) (1 1 1 2 0)))

(("TSMC_XOR2" (1 1 1 0 2 1) (1 2 2 2 2 0) (1 2 2 0 4 1) (1 2 2 4 0 1) (1 1 1 2 0 1) (2 3 3 4 2 0)) (("$1" ((3 1 11) (2 2 21) (1 0 0))) ("$3" ((2 2 22) (1 1 1))) ("$4" ((2 2 22) (1 1 1))) ("$5" ((3 1 11) (2 2 22) (1 0 0)))) ("$1" (1 1 1 0 2) (1 1 1 0 2)) ("$3" (1 2 2 0 4) (1 2 2 0 4)) ("$4" (1 2 2 4 0) (1 2 2 4 0)) ("$5" (1 1 1 2 0) (1 1 1 2 0)))

********************
************  "12 8": 
********************

(("MUX21_01" (1 1 1 2 0 1) (2 2 2 4 0 0) (1 2 2 2 2 0) (1 3 3 4 2 0) (1 2 2 0 4 1) (2 1 1 0 2 1)) (("D0" ((4 1 11) (3 1 11) (2 1 10) (1 0 0))) ("D1" ((4 1 11) (3 1 11) (2 1 1) (1 0 0))) ("S" ((2 3 33) (1 0 0))) ("Y" ((3 2 22) (2 1 11) (1 0 0)))) nil)

(("TSMC_MUX2" (2 2 2 4 0 1) (2 1 1 0 2 1) (1 2 2 0 4 1) (1 1 1 2 0 1) (1 3 3 4 2 0) (1 2 2 2 2 0)) (("$1" ((3 1 11) (2 2 33) (1 2 12))) ("$2" ((4 1 11) (3 2 33) (2 1 1) (1 1 11))) ("$3" ((2 3 33) (1 2 11))) ("$4" ((4 1 11) (3 2 33) (2 1 10) (1 1 11))) ("$5" ((3 1 11) (2 2 33) (1 2 21))) ("$7" ((3 2 22) (2 3 33) (1 0 0))))  nil)

(("TSMC_INOR2_D4" (1 4 1 0 5 1) (1 1 1 0 2 1) (1 5 2 2 5 0) (1 4 2 6 0 1) (4 2 0 2 0 0)) (("$1" ((3 1 11) (2 0 0) (1 1 41))) ("$2" ((3 1 81) (2 1 1) (1 0 0))) ("$5" ((2 1 11) (1 1 41))))  nil)

********************
************  "12 10": 
********************

(("TSMC_MOAI22_D4" (4 1 1 0 2 1) (1 2 3 3 2 0) (1 3 3 4 2 0) (1 1 1 2 0 1) (1 0 2 2 0 0) (1 3 0 3 0 0) (1 2 0 2 0 0)) (("$2" ((3 3 52) (2 1 11) (1 0 0))) ("$4" ((3 3 52) (2 1 21) (1 0 0))) ("$6" ((3 2 12) (2 2 32) (1 0 0))) ("$7" ((3 2 12) (2 2 33) (1 0 0))) ("$8" ((3 2 12) (2 2 21) (1 0 0))))  nil)

(("TSMC_NAND3_D3" (3 1 3 0 4 1) (1 3 3 6 0 1) (6 0 2 2 0 0)) (("$2" ((2 2 23) (1 1 13))) ("$3" ((2 2 29) (1 1 10))) ("$4" ((2 2 26) (1 1 10))) ("$5" ((2 0 0) (1 3 33))))  nil)

(("TSMC_NOR4_D8" (1 2 2 2 2 0) (1 2 5 5 2 0) (1 1 1 2 0 1) (4 1 1 0 2 1) (3 2 0 2 0 0)) (("$4" ((4 0 0) (3 4 14) (2 0 0) (1 0 0))) ("$20" ((3 1 11) (2 3 13) (1 0 0))) ("$21" ((3 1 11) (2 3 33) (1 0 0))) ("$22" ((3 1 11) (2 3 33) (1 0 0))) ("$23" ((3 1 11) (2 3 23) (1 0 0)))) ("$4" (1 1 1 2 0) (1 1 1 2 0)) ("$20" (2 3 5 7 4) (2 2 5 5 4)) ("$21" (3 5 5 11 8) (3 6 6 7 12)) ("$22" (3 4 3 6 6) (3 6 6 7 12)) ("$23" (2 2 1 2 2) (2 3 5 5 4)))

(("TSMC_INAND4" (4 1 1 0 2 1) (2 2 2 2 2 0) (1 4 1 5 0 1) (3 0 2 2 0 0)) (("$1" ((4 1 11) (3 2 21) (2 1 11) (1 0 0))) ("$2" ((3 2 22) (2 1 11) (1 1 10))) ("$3" ((3 2 22) (2 1 11) (1 1 10))) ("$4" ((4 1 11) (3 2 21) (2 1 10) (1 0 0))) ("$8" ((2 2 22) (1 2 20)))) ("$1" (3 5 2 7 4) (3 5 3 9 4)) ("$2" (3 6 6 9 8) (3 5 5 13 6)) ("$3" (3 6 6 9 8) (3 4 5 8 6)) ("$4" (3 5 3 7 4) (3 2 3 4 4)) ("$8" (1 4 1 5 0) (1 4 1 5 0)))

(("TSMC_INOR4" (4 1 1 0 2 1) (2 2 2 2 2 0) (1 1 4 5 0 1) (3 2 0 2 0 0)) (("$1" ((4 1 11) (3 2 12) (2 1 1) (1 0 0))) ("$2" ((3 2 22) (2 1 11) (1 1 1))) ("$3" ((3 2 22) (2 1 11) (1 1 1))) ("$5" ((4 1 11) (3 2 2) (2 1 11) (1 0 0))) ("$7" ((2 2 22) (1 2 2)))) ("$1" (3 4 2 6 4) (3 3 5 7 4)) ("$2" (2 2 1 2 2) (2 2 4 5 2)) ("$3" (2 3 1 4 2) (2 2 4 5 2)) ("$5" (3 3 5 9 4) (3 2 5 7 4)) ("$7" (1 1 4 5 0) (1 1 4 5 0)))

********************
************  "12 11": 
********************

(("TSMC_AO221_D1" (5 1 1 0 2 1) (1 1 1 2 0 1) (1 3 0 3 0 0) (1 4 0 4 0 0) (1 3 4 5 2 0) (2 0 2 2 0 0)) (("$1" ((2 5 53) (1 0 0))) ("$2" ((2 5 84) (1 0 0))) ("$3" ((2 5 55) (1 0 0))) ("$4" ((2 5 54) (1 0 0))) ("$5" ((3 1 11) (2 4 23) (1 0 0))) ("$9" ((3 1 11) (2 4 51) (1 0 0))))  nil)

(("TSMC_AO32_D1" (5 1 1 0 2 1) (1 5 0 5 0 0) (1 1 1 2 0 1) (1 4 3 5 2 0) (3 0 2 2 0 0)) (("$1" ((3 1 11) (2 4 41) (1 0 0))) ("$2" ((3 0 0) (2 5 83) (1 0 0))) ("$3" ((2 5 73) (1 0 0))) ("$4" ((2 5 75) (1 0 0))) ("$5" ((2 5 74) (1 0 0))) ("$7" ((3 1 11) (2 4 32) (1 0 0))))  nil)

(("TSMC_NOR4_D2" (4 2 1 0 3 1) (6 2 0 2 0 0) (1 2 4 6 0 1)) (("$1" ((2 3 63) (1 1 1))) ("$2" ((2 3 43) (1 1 1))) ("$3" ((2 3 63) (1 1 1))) ("$4" ((3 0 0) (2 3 23) (1 1 21))) ("$7" ((2 0 0) (1 4 24)))) ("$1" (3 8 3 12 9) (3 8 4 6 12)) ("$2" (2 4 1 4 3) (2 4 4 6 3)) ("$3" (3 8 4 18 9) (3 8 4 6 12)) ("$4" (2 4 4 10 3) (2 2 4 6 3)) ("$7" (1 2 4 6 0) (1 2 4 6 0)))

(("TSMC_OA221_X1" (1 0 4 4 0 0) (1 0 3 3 0 0) (5 1 1 0 2 1) (1 1 1 2 0 1) (1 4 3 5 2 0) (2 2 0 2 0 0)) (("$4" ((2 5 35) (1 0 0))) ("$5" ((2 5 48) (1 0 0))) ("$6" ((3 1 11) (2 4 15) (1 0 0))) ("$7" ((2 5 45) (1 0 0))) ("$8" ((2 5 55) (1 0 0))) ("$9" ((3 1 11) (2 4 32) (1 0 0))))  nil)

(("TSMC_OA32_X1" (1 0 5 5 0 0) (5 1 1 0 2 1) (1 1 1 2 0 1) (1 3 4 5 2 0) (3 2 0 2 0 0)) (("$2" ((3 1 11) (2 4 14) (1 0 0))) ("$3" ((3 0 0) (2 5 38) (1 0 0))) ("$4" ((2 5 37) (1 0 0))) ("$5" ((2 5 57) (1 0 0))) ("$6" ((2 5 47) (1 0 0))) ("$8" ((3 1 11) (2 4 23) (1 0 0))))  nil)

********************
************  "12 12": 
********************

(("NAND6_01" (6 1 1 0 2 1) (1 6 1 7 0 1) (5 0 2 2 0 0)) (("D" ((2 5 53) (1 1 10))) ("C" ((3 0 0) (2 5 53) (1 1 10))) ("A" ((3 0 0) (2 5 51) (1 1 11))) ("B" ((3 0 0) (2 5 53) (1 1 10))) ("Y" ((2 0 0) (1 6 61))) ("E" ((3 0 0) (2 5 53) (1 1 10))) ("F" ((3 0 0) (2 5 52) (1 1 10)))) (("C" (4 6 6 7 12) (4 6 6 17 10)) ("D" (4 6 6 7 12) (4 5 6 10 10)) ("E" (3 6 6 7 12) (3 3 4 6 6)) ("B" (3 6 6 7 12) (3 6 4 13 6)) ("F" (2 6 2 7 2) (2 1 2 2 2)) ("A" (2 6 1 7 2) (2 6 2 9 2)) ("Y" (1 6 1 7 0) (1 6 1 7 0)))) 


********************
************  "14 10": 
********************

(("TSMC_FCICIN_D1" (1 1 1 2 0 1) (1 2 2 2 2 0) (1 0 3 3 0 0) (2 2 2 0 4 1) (1 1 1 0 2 1) (1 3 0 3 0 0) (1 4 4 6 2 0) (1 0 2 2 0 0) (1 2 0 2 0 0)) (("$1" ((4 1 11) (3 0 0) (2 2 33) (1 0 0))) ("$4" ((3 1 11) (2 2 55) (1 0 0))) ("$5" ((3 1 11) (2 2 44) (1 0 0))) ("$6" ((4 1 11) (3 2 22) (2 0 0) (1 0 0))))  nil)

(("TSMC_MAOI222_D2" (1 0 3 3 0 0) (2 2 2 0 4 1) (1 1 1 0 2 1) (1 3 0 3 0 0) (1 2 2 2 2 0) (1 1 1 2 0 1) (1 4 4 6 2 0) (1 0 2 2 0 0) (1 2 0 2 0 0)) (("$2" ((3 1 11) (2 2 44) (1 0 0))) ("$3" ((3 1 11) (2 2 55) (1 0 0))) ("$4" ((4 1 11) (3 0 0) (2 2 22) (1 0 0))) ("$7" ((4 1 11) (3 2 33) (2 0 0) (1 0 0))))  nil)********************************************************** 

********************
************  "14 11": 
********************

(("TSMC_AO22_D4" (4 1 2 0 3 1) (1 3 5 6 2 0) (1 1 1 2 0 1) (4 0 2 2 0 0) (1 4 0 4 0 0)) (("$2" ((3 1 11) (2 3 32) (1 0 0))) ("$3" ((2 4 65) (1 0 0))) ("$5" ((2 4 57) (1 0 0))) ("$6" ((2 4 55) (1 0 0))) ("$7" ((3 1 12) (2 3 24) (1 0 0))))  nil)

********************
************  "14 12": 
********************

(("TSMC_OR4_D4" (4 2 1 0 3 1) (1 3 5 6 2 0) (1 1 1 2 0 1) (6 2 0 2 0 0)) (("$2" ((2 4 54) (1 0 0))) ("$4" ((2 4 74) (1 0 0))) ("$5" ((2 4 74) (1 0 0))) ("$6" ((3 0 0) (2 4 34) (1 0 0))) ("$7" ((3 0 0) (2 4 24) (1 0 0)))) ("$2" (2 4 1 4 3) (2 5 5 6 5)) ("$4" (3 8 3 12 9) (3 9 5 8 14)) ("$5" (3 9 5 18 11) (3 9 5 8 14)) ("$6" (2 5 5 10 5) (2 3 5 6 5)) ("$7" (1 1 1 2 0) (1 1 1 2 0)))

(("TSMC_AOI221_D2" (4 1 2 0 3 1) (1 1 1 0 2 1) (1 3 0 3 0 0) (1 4 0 4 0 0) (1 2 5 7 0 1) (4 0 2 2 0 0)) (("$1" ((2 4 45) (1 1 12))) ("$2" ((2 4 47) (1 1 10))) ("$3" ((2 4 75) (1 1 2))) ("$4" ((3 0 0) (2 5 74) (1 0 0))) ("$5" ((2 4 44) (1 1 1))) ("$9" ((2 1 12) (1 4 25))))  nil)

(("TSMC_AOI222_D2" (2 0 3 3 0 0) (2 0 4 4 0 0) (1 0 4 2 2 0) (3 0 2 2 0 0) (2 0 4 0 4 1) (1 0 2 0 2 1) (1 0 8 6 2 0)) (("$7" ((3 0 0) (2 2 8) (1 0 0))) ("$8" ((2 2 12) (1 0 0))) ("$9" ((2 2 6) (1 0 0))))  nil)

********************
************  "14 13": 
********************

(("TSMC_AO33_D1" (6 1 1 0 2 1) (1 6 0 6 0 0) (1 1 1 2 0 1) (1 4 3 5 2 0) (4 0 2 2 0 0)) (("$1" ((3 1 11) (2 5 51) (1 0 0))) ("$2" ((3 1 11) (2 5 52) (1 0 0))) ("$3" ((3 0 0) (2 6 93) (1 0 0))) ("$4" ((3 0 0) (2 6 83) (1 0 0))) ("$5" ((3 0 0) (2 6 85) (1 0 0))) ("$6" ((3 0 0) (2 6 84) (1 0 0))) ("$9" ((3 2 21) (2 4 32) (1 0 0))))  nil)

********************
************  "16 9": 
********************

(("TSMC_HICON_D1" (1 2 1 3 0 1) (2 3 3 4 2 0) (1 2 2 4 0 1) (1 1 1 2 0 1) (1 3 3 0 6 1) (1 2 2 0 4 1) (1 2 2 2 2 0) (1 0 2 2 0 0)) (("$2" ((3 1 11) (2 1 1) (1 2 21))) ("$4" ((2 3 32) (1 1 1))) ("$6" ((3 2 21) (2 2 22) (1 0 0))) ("$7" ((2 2 34) (1 2 11))) ("$8" ((3 1 11) (2 2 32) (1 1 11))))  nil)

********************
************  "16 11": 
********************

(("TSMC_LHQ_D1" (1 4 4 4 4 0) (2 2 2 2 2 0) (1 1 1 2 0 1) (2 1 1 0 2 1) (1 3 3 2 4 0) (2 0 2 2 0 0) (2 2 0 2 0 0)) (("$4" ((3 2 22) (2 0 0) (1 0 0))) ("$5" ((3 2 21) (2 0 0) (1 0 0))) ("$8" ((3 2 22) (2 0 0) (1 0 0)))) ("$4" (1 1 1 2 0) (1 1 1 2 0)) ("$5" (2 3 3 2 6) (2 3 3 2 6)) ("$8" (2 2 1 2 2) (2 1 2 2 2)))

(("TSMC_LNQ_D1" (1 3 3 2 4 0) (1 1 1 2 0 1) (2 1 1 0 2 1) (2 2 2 2 2 0) (1 4 4 4 4 0) (2 0 2 2 0 0) (2 2 0 2 0 0)) (("$3" ((3 2 22) (2 0 0) (1 0 0))) ("$4" ((3 2 12) (2 0 0) (1 0 0))) ("$6" ((3 2 22) (2 0 0) (1 0 0)))) ("$3" (1 1 1 2 0) (1 1 1 2 0)) ("$4" (2 3 3 2 6) (2 3 3 2 6)) ("$6" (2 2 1 2 2) (2 1 2 2 2)))

********************
************  "16 16": 
********************

(("NAND8_01" (7 0 2 2 0 0) (1 8 1 9 0 1) (8 1 1 0 2 1)) (("D" ((3 0 0) (2 7 73) (1 1 10))) ("C" ((3 0 0) (2 7 73) (1 1 10))) ("A" ((3 0 0) (2 7 71) (1 1 11))) ("B" ((3 0 0) (2 7 73) (1 1 10))) ("Y" ((2 0 0) (1 8 81))) ("E" ((3 0 0) (2 7 73) (1 1 10))) ("F" ((3 0 0) (2 7 73) (1 1 10))) ("G" ((3 0 0) (2 7 73) (1 1 10))) ("H" ((3 0 0) (2 7 72) (1 1 10)))) (("E" (5 8 8 9 16) (5 7 8 14 14)) ("D" (5 8 8 9 16) (5 8 8 23 14)) ("F" (4 8 8 9 16) (4 5 6 10 10)) ("C" (4 8 8 9 16) (4 8 6 19 10)) ("G" (3 8 8 9 16) (3 3 4 6 6)) ("B" (3 8 8 9 16) (3 8 4 15 6)) ("H" (2 8 2 9 2) (2 1 2 2 2)) ("A" (2 8 1 9 2) (2 8 2 11 2)) ("Y" (1 8 1 9 0) (1 8 1 9 0)))) 


********************
************  "18 10": 
********************

(("TSMC_HA" (2 1 1 2 0 1) (1 3 2 3 2 0) (2 3 3 4 2 0) (1 3 3 0 6 1) (1 2 2 0 4 1) (1 2 2 4 0 1) (1 2 2 2 2 0) (1 0 2 2 0 0)) (("$2" ((4 1 11) (3 1 1) (2 2 21) (1 0 0))) ("$5" ((2 3 45) (1 1 1))) ("$6" ((3 1 11) (2 3 43) (1 0 0))) ("$7" ((3 1 11) (2 2 22) (1 1 1))) ("$10" ((4 1 11) (3 1 11) (2 2 22) (1 0 0))))  nil)

********************
************  "18 12": 
********************

(("TSMC_MUX3_X1" (2 2 2 0 4 1) (2 2 2 2 2 0) (3 1 1 0 2 1) (4 2 2 4 0 1) (1 3 3 6 0 1)) (("$2" ((4 1 11) (3 1 22) (2 4 43) (1 3 22))) ("$3" ((3 2 22) (2 4 44) (1 3 22))) ("$6" ((5 1 11) (4 2 33) (3 3 43) (2 2 21) (1 1 11))) ("$7" ((4 1 11) (3 2 33) (2 3 43) (1 3 32))) ("$8" ((3 1 11) (2 3 44) (1 5 54))) ("$9" ((4 1 11) (3 2 33) (2 3 43) (1 3 23))) ("$10" ((5 1 11) (4 2 33) (3 3 43) (2 2 12) (1 1 11))) ("$11" ((3 2 22) (2 4 44) (1 3 33))) ("$12" ((4 2 22) (3 3 33) (2 1 22) (1 3 23))) ("$13" ((5 2 22) (4 3 33) (3 1 22) (2 2 12) (1 1 11))))  nil)

********************
************  "18 13": 
********************

(("TSMC_LNSNQ_D1" (1 3 3 4 2 0) (2 2 2 2 2 0) (1 1 1 2 0 1) (1 2 2 0 4 1) (2 1 1 0 2 1) (1 4 3 3 4 0) (3 0 2 2 0 0) (2 2 0 2 0 0)) (("$4" ((5 1 11) (4 1 12) (3 1 11) (2 0 0) (1 0 0))) ("$6" ((4 1 11) (3 1 12) (2 1 10) (1 0 0))) ("$7" ((5 1 11) (4 1 12) (3 0 0) (2 1 10) (1 0 0))) ("$8" ((4 1 11) (3 2 23) (2 0 0) (1 0 0))))  nil)

********************
************  "22 14": 
********************

(("TSMC_XNOR3" (1 2 2 0 4 1) (2 2 2 2 2 0) (3 3 3 4 2 0) (1 4 4 4 4 0) (1 1 1 2 0 1) (2 0 2 2 0 0) (2 1 1 0 2 1) (2 2 0 2 0 0)) (("$2" ((3 2 22) (2 1 11) (1 0 0))) ("$9" ((4 1 11) (3 2 22) (2 0 0) (1 0 0))) ("$23" ((4 2 22) (3 0 0) (2 1 1) (1 0 0))) ("$24" ((4 1 11) (3 2 22) (2 0 0) (1 0 0)))) ("$2" (1 2 2 0 4) (1 2 2 0 4)) ("$9" (1 1 1 2 0) (1 1 1 2 0)) ("$23" (3 7 7 12 10) (3 7 7 10 12)) ("$24" (3 6 6 12 8) (3 8 8 14 10)))

(("TSMC_XOR3" (1 2 2 0 4 1) (3 3 3 4 2 0) (2 2 2 2 2 0) (1 4 4 4 4 0) (2 1 1 0 2 1) (1 1 1 2 0 1) (2 0 2 2 0 0) (2 2 0 2 0 0)) (("$2" ((3 2 22) (2 1 11) (1 0 0))) ("$7" ((4 2 22) (3 0 0) (2 1 10) (1 0 0))) ("$10" ((4 1 11) (3 2 22) (2 0 0) (1 0 0))) ("$11" ((4 1 11) (3 2 22) (2 0 0) (1 0 0)))) ("$2" (1 2 2 0 4) (1 2 2 0 4)) ("$7" (3 7 7 10 12) (3 7 7 12 10)) ("$10" (3 6 6 12 8) (3 8 8 14 10)) ("$11" (1 1 1 2 0) (1 1 1 2 0)))

********************
************  "24 15": 
********************

(("DFF_01" (1 4 4 2 6 0) (1 3 3 2 4 0) (3 3 3 4 2 0) (3 2 0 2 0 0) (1 3 3 2 4 1) (3 0 2 2 0 0) (2 1 1 0 2 1) (1 1 1 2 0 1)) (("Clk" ((4 1 11) (3 2 13) (2 0 0) (1 0 0))) ("Q" ((5 1 11) (4 1 11) (3 0 0) (2 0 0) (1 1 11))) ("QN" ((4 1 11) (3 1 11) (2 0 0) (1 1 11))) ("D" ((5 1 11) (4 1 22) (3 1 11) (2 0 0) (1 0 0)))) nil)

(("DFFnoQN_01" (3 2 0 2 0 0) (3 0 2 2 0 0) (1 4 4 2 6 0) (2 3 3 2 4 0) (1 1 1 2 0 1) (2 1 1 0 2 1) (3 3 3 4 2 0)) (("Clk" ((4 1 11) (3 1 1) (2 0 0) (1 0 0))) ("Q" ((5 1 11) (4 1 11) (3 0 0) (2 0 0) (1 0 0))) ("D" ((5 1 11) (4 0 0) (3 1 11) (2 0 0) (1 0 0)))) nil)

(("DFFnoQ_01" (1 1 1 2 0 0) (3 2 0 2 0 0) (3 0 2 2 0 0) (1 4 4 2 6 0) (1 3 3 2 4 0) (2 1 1 0 2 1) (1 3 3 2 4 1) (3 3 3 4 2 0)) (("Clk" ((4 0 0) (3 2 13) (2 0 0) (1 0 0))) ("QN" ((4 1 11) (3 1 11) (2 0 0) (1 0 0))) ("D" ((5 0 0) (4 1 22) (3 1 11) (2 0 0) (1 0 0)))) nil)

(("TSMC_MUX4_X1" (1 3 3 0 6 1) (1 1 3 0 4 1) (4 2 2 4 0 1) (1 3 3 2 4 0) (2 2 4 6 0 1) (4 1 1 0 2 1) (1 1 3 2 2 0) (1 0 4 4 0 0)) (("$2" ((2 5 46) (1 6 44))) ("$3" ((3 4 44) (2 5 66) (1 2 2))) ("$4" ((3 3 33) (2 5 67) (1 3 23))) ("$6" ((3 2 22) (2 5 70) (1 4 34))) ("$7" ((4 3 33) (3 5 67) (2 2 12) (1 1 11))) ("$8" ((3 2 22) (2 5 70) (1 4 34))) ("$9" ((3 3 33) (2 5 67) (1 3 32))) ("$10" ((4 3 33) (3 5 67) (2 2 21) (1 1 11))) ("$11" ((4 3 33) (3 5 67) (2 2 21) (1 1 11))) ("$12" ((3 3 33) (2 5 67) (1 3 32))) ("$13" ((3 3 33) (2 5 67) (1 3 23))) ("$14" ((4 3 33) (3 5 67) (2 2 12) (1 1 11)))) ("$2" (1 3 3 0 6) (1 3 3 0 6)) ("$3" (1 1 3 0 4) (1 1 3 0 4)) ("$4" (5 9 13 30 18) (5 10 14 36 24)) ("$6" (4 9 13 30 18) (4 10 14 36 24)) ("$7" (6 9 13 30 18) (6 10 14 36 24)) ("$8" (4 9 13 30 18) (4 10 14 36 24)) ("$9" (5 9 13 30 18) (5 10 14 36 24)) ("$10" (6 9 13 30 18) (6 10 14 36 24)) ("$11" (6 9 13 30 18) (6 10 14 36 24)) ("$12" (5 9 13 30 18) (5 10 14 36 24)) ("$13" (5 9 13 30 18) (5 10 14 36 24)) ("$14" (6 9 13 30 18) (6 10 14 36 24)))

(("TSMC_DFQ_D1" (1 4 4 2 6 0) (2 3 3 2 4 0) (1 1 1 2 0 1) (2 1 1 0 2 1) (3 3 3 4 2 0) (3 0 2 2 0 0) (3 2 0 2 0 0)) (("$4" ((5 1 22) (4 1 11) (3 0 0) (2 0 0) (1 0 0))) ("$5" ((4 1 11) (3 1 12) (2 0 0) (1 0 0))) ("$6" ((5 1 11) (4 0 0) (3 1 11) (2 0 0) (1 0 0))))  nil)


********************
************  "26 16": 
********************


(("TSMC_MUX4" (1 3 3 0 6 1) (1 2 2 0 4 1) (4 2 2 4 0 1) (1 3 3 2 4 0) (2 3 3 6 0 1) (1 1 1 2 0 1) (4 1 1 0 2 1) (1 3 3 4 2 0) (1 2 2 2 2 0)) (("$2" ((3 1 11) (2 5 55) (1 6 44))) ("$3" ((3 4 44) (2 6 77) (1 2 11))) ("$4" ((3 4 44) (2 5 67) (1 3 23))) ("$6" ((3 2 22) (2 6 99) (1 4 43))) ("$7" ((4 4 44) (3 5 66) (2 3 33) (1 0 0))) ("$8" ((4 4 44) (3 5 67) (2 2 12) (1 1 11))) ("$9" ((3 2 22) (2 6 99) (1 4 34))) ("$10" ((3 4 44) (2 5 67) (1 3 32))) ("$11" ((4 4 44) (3 5 67) (2 2 21) (1 1 11))) ("$12" ((4 4 44) (3 5 76) (2 2 21) (1 1 11))) ("$13" ((3 4 44) (2 5 76) (1 3 32))) ("$14" ((3 4 44) (2 5 76) (1 3 23))) ("$15" ((4 4 44) (3 5 76) (2 2 12) (1 1 11))))  nil)

********************
************  "28 14": 
********************

(("TSMC_FA1" (1 2 2 0 4 1) (1 4 4 6 2 0) (2 1 1 0 2 1) (4 3 3 4 2 0) (2 2 2 4 0 1) (1 5 5 4 6 0) (1 3 3 2 4 0) (2 1 1 2 0 1)) (("$2" ((3 3 33) (2 2 12) (1 1 10))) ("$4" ((4 3 33) (3 1 1) (2 2 12) (1 0 0))) ("$6" ((3 3 33) (2 2 12) (1 1 10))) ("$12" ((3 2 22) (2 4 44) (1 0 0))) ("$13" ((4 1 11) (3 4 44) (2 1 11) (1 0 0))) ("$14" ((4 2 22) (3 3 33) (2 1 11) (1 0 0))) ("$15" ((4 2 22) (3 4 67) (2 0 0) (1 0 0)))) ("$2" (1 2 2 0 4) (1 2 2 0 4)) ("$4" (2 3 3 4 4) (2 3 3 4 4)) ("$6" (2 8 8 12 12) (2 8 9 16 10)) ("$12" (2 7 8 16 8) (2 10 9 18 10)) ("$13" (2 4 4 6 4) (2 4 4 6 4)) ("$14" (3 10 10 22 14) (3 10 10 22 14)) ("$15" (3 11 11 22 16) (3 11 11 22 16)))

********************
************  "28 17": 
********************

(("TSMC_DFSNQ_D1" (1 2 2 0 4 1) (2 3 3 2 4 0) (1 1 1 2 0 1) (1 4 4 2 6 0) (2 1 1 0 2 1) (2 3 3 4 2 0) (1 4 3 5 2 0) (1 3 2 5 0 1) (4 0 2 2 0 0) (2 2 0 2 0 0)) (("$2" ((3 3 33) (2 0 0) (1 1 11))) ("$5" ((5 1 22) (4 1 11) (3 1 12) (2 1 10) (1 0 0))) ("$7" ((4 1 11) (3 2 34) (2 1 1) (1 0 0))) ("$8" ((5 1 11) (4 0 0) (3 3 34) (2 0 0) (1 0 0))) ("$12" ((3 1 22) (2 2 22) (1 1 11))))  nil)

********************
************  "28 18": 
********************

(("TSMC_DFCNQ_D1" (1 2 2 0 4 1) (1 3 3 2 4 0) (1 1 1 2 0 1) (1 4 4 2 6 0) (3 3 3 4 2 0) (1 4 3 3 4 0) (5 0 2 2 0 0) (2 1 1 0 2 1) (1 3 0 3 0 0) (2 2 0 2 0 0)) (("$2" ((3 2 22) (2 1 11) (1 0 0))) ("$4" ((5 1 22) (4 1 11) (3 0 0) (2 1 10) (1 0 0))) ("$29" ((4 1 11) (3 2 22) (2 0 0) (1 0 0))) ("$30" ((5 1 11) (4 0 0) (3 2 21) (2 0 0) (1 0 0))))  nil)

********************
************  "30 18": 
********************

(("TSMC_DFNCN_D1" (1 2 2 0 4 1) (1 4 4 2 6 0) (2 1 1 2 0 1) (2 1 1 0 2 1) (1 3 3 2 4 0) (4 3 3 4 2 0) (1 4 3 3 4 0) (4 0 2 2 0 0) (1 3 0 3 0 0) (1 2 0 2 0 0)) (("$2" ((4 1 11) (3 2 22) (2 1 11) (1 0 0))) ("$4" ((5 1 22) (4 1 11) (3 1 11) (2 1 10) (1 0 0))) ("$5" ((4 1 22) (3 3 32) (2 0 0) (1 0 0))) ("$6" ((4 2 33) (3 2 32) (2 0 0) (1 0 0))) ("$8" ((5 1 11) (4 1 11) (3 2 21) (2 0 0) (1 0 0))))  nil)

(("TSMC_DFNSN_D1" (1 3 5 2 6 0) (2 3 4 5 2 0) (1 3 3 2 4 0) (2 1 1 2 0 1) (2 1 1 0 2 1) (1 2 4 2 4 0) (1 3 3 4 2 0) (1 1 5 4 2 0) (1 2 2 0 4 1) (4 0 2 2 0 0) (2 2 0 2 0 0)) (("$5" ((5 1 22) (4 1 11) (3 2 23) (2 0 0) (1 0 0))) ("$6" ((4 1 11) (3 3 54) (2 0 0) (1 0 0))) ("$8" ((5 1 11) (4 1 11) (3 2 23) (2 0 0) (1 0 0))) ("$12" ((3 3 33) (2 1 11) (1 0 0))) ("$13" ((4 1 22) (3 2 22) (2 1 11) (1 0 0))))  nil)

(("TSMC_DFSN_D1" (1 3 5 2 6 0) (1 2 4 2 4 0) (2 3 4 5 2 0) (1 3 3 2 4 0) (2 1 1 2 0 1) (2 1 1 0 2 1) (1 3 3 4 2 0) (1 1 5 4 2 0) (1 2 2 0 4 1) (4 0 2 2 0 0) (2 2 0 2 0 0)) (("$6" ((5 1 22) (4 1 11) (3 2 23) (2 0 0) (1 0 0))) ("$7" ((4 1 11) (3 3 45) (2 0 0) (1 0 0))) ("$8" ((5 1 11) (4 1 11) (3 2 23) (2 0 0) (1 0 0))) ("$12" ((3 3 33) (2 1 11) (1 0 0))) ("$13" ((4 1 22) (3 2 22) (2 1 11) (1 0 0))))  nil)

********************
************  "30 19": 
********************

(("TSMC_DFCNQ_D2" (1 2 3 0 5 1) (1 3 3 2 4 0) (1 1 1 2 0 1) (1 4 4 2 6 0) (2 1 1 0 2 1) (2 3 3 4 2 0) (1 3 4 4 3 0) (6 0 2 2 0 0) (1 3 0 3 0 0) (1 4 4 4 4 0) (2 2 0 2 0 0)) (("$2" ((3 2 22) (2 1 11) (1 0 0))) ("$4" ((5 1 22) (4 1 11) (3 0 0) (2 1 10) (1 0 0))) ("$6" ((4 1 11) (3 2 22) (2 0 0) (1 0 0))) ("$7" ((5 1 11) (4 0 0) (3 2 21) (2 0 0) (1 0 0))))  nil)


********************
************  "30 24": 
********************

(("TSMC_DFSN_D1" (1 2 4 2 4 0) (2 3 4 5 2 0) (1 3 3 2 4 0) (2 1 1 2 0 1) (1 3 4 2 5 0) (5 1 1 0 2 1) (1 3 3 4 2 0) (1 0 4 4 0 0) (6 0 2 2 0 0) (1 0 1 0 1 1) (1 3 0 3 0 0) (2 2 0 2 0 0)) (("$5" ((6 1 1) (5 2 32) (4 1 11) (3 2 23) (2 1 11) (1 0 0))) ("$7" ((4 3 23) (3 4 54) (2 0 0) (1 0 0))) ("$8" ((5 2 22) (4 2 22) (3 2 33) (2 1 1) (1 0 0))) ("$12" ((5 1 1) (4 2 32) (3 3 33) (2 1 11) (1 0 0))) ("$13" ((5 1 1) (4 2 32) (3 3 33) (2 1 11) (1 0 0))) ("$18" ((6 2 22) (5 2 22) (4 2 23) (3 0 0) (2 1 1) (1 0 0))) ("$48" ((5 2 22) (4 3 23) (3 2 22) (2 0 0) (1 0 0))) ("$55" ((6 1 1) (5 2 32) (4 1 11) (3 2 23) (2 1 11) (1 0 0)))) ("$5" (2 3 3 4 4) (2 3 3 4 4)) ("$7" (2 4 4 5 7) (2 3 4 4 7)) ("$8" (2 4 3 6 4) (2 3 4 6 4)) ("$12" (3 5 7 9 8) (3 9 12 19 17)) ("$13" (2 3 4 7 2) (2 3 4 7 2)) ("$18" (1 0 1 0 1) (1 0 1 0 1)) ("$48" (3 5 7 11 6) (3 8 11 23 15)) ("$55" (2 3 3 2 6) (2 3 3 2 6)))

********************
************  "32 19": 
********************

(("TSMC_DFCN_D2" (1 2 3 0 5 1) (1 3 3 2 4 0) (1 4 4 2 6 0) (3 3 3 4 2 0) (1 3 4 4 3 0) (2 1 1 2 0 1) (2 1 1 0 2 1) (1 4 4 4 4 0) (5 0 2 2 0 0) (1 3 0 3 0 0) (1 2 0 2 0 0)) (("$2" ((3 3 33) (2 1 11) (1 0 0))) ("$7" ((5 1 22) (4 1 11) (3 1 11) (2 1 10) (1 0 0))) ("$8" ((4 1 22) (3 3 32) (2 0 0) (1 0 0))) ("$9" ((4 1 11) (3 3 33) (2 0 0) (1 0 0))) ("$10" ((5 1 11) (4 1 11) (3 2 21) (2 0 0) (1 0 0))))  nil)

(("TSMC_DFNCN_D4" (1 2 3 0 5 1) (1 4 4 2 6 0) (2 1 1 0 2 1) (1 3 3 2 4 0) (3 3 3 4 2 0) (1 3 4 4 3 0) (1 4 4 4 4 0) (2 1 1 2 0 1) (5 0 2 2 0 0) (1 3 0 3 0 0) (1 2 0 2 0 0)) (("$2" ((4 1 11) (3 2 22) (2 1 11) (1 0 0))) ("$4" ((4 2 34) (3 2 32) (2 0 0) (1 0 0))) ("$6" ((5 1 11) (4 1 11) (3 2 21) (2 0 0) (1 0 0))) ("$12" ((5 1 22) (4 1 11) (3 1 11) (2 1 10) (1 0 0))) ("$13" ((4 1 22) (3 3 32) (2 0 0) (1 0 0))))  nil)

********************
************  "34 20": 
********************

(("TSMC_EDF_D1" (1 2 2 0 4 1) (1 2 2 2 2 0) (1 0 3 3 0 0) (1 4 4 2 6 0) (3 3 3 4 2 0) (2 1 1 2 0 1) (2 1 1 0 2 1) (1 2 2 4 0 1) (1 4 4 4 4 0) (2 3 3 2 4 0) (2 0 2 2 0 0) (1 3 0 3 0 0) (2 2 0 2 0 0)) (("$2" ((4 1 11) (3 2 22) (2 1 11) (1 1 1))) ("$8" ((5 1 11) (4 1 22) (3 3 32) (2 0 0) (1 0 0))) ("$12" ((6 1 11) (5 1 11) (4 1 11) (3 0 0) (2 1 1) (1 1 11))) ("$13" ((5 1 11) (4 1 11) (3 1 11) (2 0 0) (1 2 12))) ("$15" ((4 2 22) (3 3 13) (2 0 0) (1 0 0))) ("$18" ((6 1 11) (5 1 22) (4 2 21) (3 1 11) (2 0 0) (1 0 0))))  nil)

********************
************  "36 22": 
********************

(("TSMC_EDFCNQ_D1" (2 2 2 0 4 1) (1 2 2 2 2 0) (1 0 3 3 0 0) (1 4 4 2 6 0) (1 3 3 2 4 0) (1 4 3 3 4 0) (1 1 1 2 0 1) (2 1 1 0 2 1) (1 2 2 4 0 1) (4 3 3 4 2 0) (4 0 2 2 0 0) (2 3 0 3 0 0) (1 2 0 2 0 0)) (("$2" ((4 2 31) (3 1 11) (2 1 11) (1 1 1))) ("$3" ((5 1 11) (4 2 32) (3 1 11) (2 1 11) (1 0 0))) ("$9" ((6 1 11) (5 1 22) (4 2 21) (3 0 0) (2 1 10) (1 0 0))) ("$11" ((6 1 11) (5 1 10) (4 1 11) (3 0 0) (2 1 1) (1 1 11))) ("$12" ((5 1 11) (4 1 10) (3 1 11) (2 0 0) (1 2 12))) ("$13" ((4 2 22) (3 3 12) (2 0 0) (1 0 0))))  nil)

********************
************  "37 25": 
********************

(("DFFSRes_noQN_01" (1 2 3 0 5 1) (3 1 1 0 2 1) (1 1 1 2 0 1) (1 2 2 0 4 1) (1 2 2 2 2 0) (1 0 3 3 0 0) (1 3 3 6 0 0) (1 4 3 5 2 0) (1 4 4 2 6 0) (1 3 3 2 4 0) (2 3 3 4 2 0) (1 4 3 3 4 0) (6 0 2 2 0 0) (4 2 0 2 0 0)) (("Clk" ((4 3 33) (3 2 21) (2 0 0) (1 0 0))) ("D0" ((4 2 22) (3 0 0) (2 3 12) (1 0 0))) ("D1" ((4 2 22) (3 0 0) (2 3 3) (1 0 0))) ("Q" ((5 1 12) (4 3 13) (3 0 0) (2 1 10) (1 0 0))) ("RN" ((3 2 23) (2 3 13) (1 0 0))) ("S" ((5 1 11) (4 0 0) (3 2 22) (2 2 11) (1 0 0)))) nil)

********************
************  "38 23": 
********************

(("TSMC_EDFCN_D1" (2 2 2 0 4 1) (1 2 2 2 2 0) (1 2 2 4 0 1) (1 0 3 3 0 0) (1 4 4 2 6 0) (1 3 3 2 4 0) (3 3 3 4 2 0) (1 4 3 3 4 0) (2 1 1 2 0 1) (2 1 1 0 2 1) (1 4 4 4 4 0) (4 0 2 2 0 0) (2 3 0 3 0 0) (1 2 0 2 0 0)) (("$2" ((4 2 31) (3 2 22) (2 1 11) (1 1 1))) ("$3" ((5 1 11) (4 2 32) (3 2 22) (2 1 11) (1 0 0))) ("$5" ((5 1 11) (4 2 21) (3 1 11) (2 0 0) (1 2 12))) ("$12" ((5 1 11) (4 1 22) (3 4 42) (2 0 0) (1 0 0))) ("$15" ((6 1 11) (5 2 21) (4 1 11) (3 0 0) (2 1 1) (1 1 11))) ("$16" ((4 2 22) (3 4 23) (2 0 0) (1 0 0))) ("$19" ((6 1 11) (5 1 22) (4 2 21) (3 1 11) (2 1 10) (1 0 0))))  nil)

(("TSMC_EDFCNQ_D2" (1 2 2 0 4 1) (1 2 3 0 5 1) (1 2 2 2 2 0) (1 2 2 4 0 1) (1 0 3 3 0 0) (1 4 4 2 6 0) (3 3 3 4 2 0) (1 3 4 4 3 0) (1 1 1 2 0 1) (2 1 1 0 2 1) (1 3 3 2 4 0) (1 4 4 4 4 0) (5 0 2 2 0 0) (2 3 0 3 0 0) (1 2 0 2 0 0)) (("$2" ((4 2 31) (3 1 11) (2 1 11) (1 1 1))) ("$3" ((5 1 11) (4 2 32) (3 1 11) (2 1 11) (1 0 0))) ("$5" ((5 1 11) (4 1 10) (3 1 11) (2 0 0) (1 2 12))) ("$10" ((6 1 11) (5 1 22) (4 2 21) (3 0 0) (2 1 10) (1 0 0))) ("$13" ((6 1 11) (5 1 10) (4 1 11) (3 0 0) (2 1 1) (1 1 11))) ("$14" ((4 2 22) (3 3 12) (2 0 0) (1 0 0))))  nil)
